{
 "cells": [
  {
   "cell_type": "code",
   "execution_count": 1,
   "id": "75553add",
   "metadata": {},
   "outputs": [],
   "source": [
    "#Sheen Kak \n",
    "#CSCI 185 \n",
    "#Final project code"
   ]
  },
  {
   "cell_type": "code",
   "execution_count": 2,
   "id": "faf31a81",
   "metadata": {},
   "outputs": [
    {
     "name": "stderr",
     "output_type": "stream",
     "text": [
      "/Users/sheenkak/anaconda3/lib/python3.11/site-packages/pandas/core/arrays/masked.py:60: UserWarning: Pandas requires version '1.3.6' or newer of 'bottleneck' (version '1.3.5' currently installed).\n",
      "  from pandas.core import (\n"
     ]
    }
   ],
   "source": [
    "import pandas as pd\n",
    "import numpy as np\n",
    "from sklearn.model_selection import train_test_split\n",
    "from sklearn.preprocessing import StandardScaler\n",
    "from scipy.stats import pearsonr, chi2_contingency\n",
    "import matplotlib.pyplot as plt\n",
    "import seaborn as sns\n",
    "from sklearn.ensemble import RandomForestRegressor\n",
    "from sklearn.metrics import mean_squared_error\n"
   ]
  },
  {
   "cell_type": "code",
   "execution_count": 3,
   "id": "11e96dcf",
   "metadata": {},
   "outputs": [
    {
     "name": "stderr",
     "output_type": "stream",
     "text": [
      "/var/folders/63/lkqhjsgs2d98kv5tcqc99p0w0000gn/T/ipykernel_14455/228471648.py:13: FutureWarning: errors='ignore' is deprecated and will raise in a future version. Use to_numeric without passing `errors` and catch exceptions explicitly instead\n",
      "  mass_data = mass_data.replace({',': ''}, regex=True).apply(pd.to_numeric, errors='ignore')\n"
     ]
    },
    {
     "name": "stdout",
     "output_type": "stream",
     "text": [
      "Covariance matrix:\n",
      " [[ 1.0042735   0.15146824  0.88151742 -0.03448903 -0.0602971   0.30092406\n",
      "   0.08550291 -0.1085044  -0.01876922 -0.03147197  0.12605382  0.01691428\n",
      "  -0.0169456   0.5705639   0.52175488  0.26138487  0.41245998  0.44397123\n",
      "   0.44736422  0.39979782 -0.23537817  0.2353724   0.787575    0.07857813]\n",
      " [ 0.15146824  1.0042735   0.38745708 -0.01826683  0.24826358  0.21469259\n",
      "   0.14277686 -0.26957793 -0.08567472  0.11277795 -0.09188974 -0.07513905\n",
      "   0.07591226  0.35120514  0.33127508  0.17394923  0.2809675   0.32823893\n",
      "   0.27946998  0.21583611 -0.00401487  0.0040185   0.30060436 -0.04716214]\n",
      " [ 0.88151742  0.38745708  1.0042735  -0.0162104   0.04384108  0.37220814\n",
      "   0.12397245 -0.20170647 -0.06793677  0.00758512  0.05966481  0.01271834\n",
      "  -0.01215049  0.69345225  0.64743082  0.34286997  0.5470184   0.5811726\n",
      "   0.54463235  0.46140633 -0.205695    0.20568681  0.88368042  0.05229213]\n",
      " [-0.03448903 -0.01826683 -0.0162104   1.0042735   0.59932281 -0.09046669\n",
      "   0.76731412 -0.75703354  0.11093593  0.05284328  0.02110685  0.25740342\n",
      "  -0.25705873 -0.30099204 -0.32855403  0.51214807  0.05136723 -0.37688823\n",
      "  -0.48844664 -0.44601245  0.78219775 -0.78215454 -0.27550825 -0.70760193]\n",
      " [-0.0602971   0.24826358  0.04384108  0.59932281  1.0042735   0.02020075\n",
      "   0.43322334 -0.80171742  0.13862301  0.18748063  0.00621812  0.10855271\n",
      "  -0.10873539 -0.14877356 -0.16447419  0.28633513 -0.04415414 -0.23120102\n",
      "  -0.23866582 -0.18124641  0.51877542 -0.51872348 -0.09345098 -0.34269024]\n",
      " [ 0.30092406  0.21469259  0.37220814 -0.09046669  0.02020075  1.0042735\n",
      "   0.00758418 -0.29346046 -0.08128475 -0.04116542  0.09304303  0.01882528\n",
      "  -0.01941608  0.47854724  0.49714615  0.05064754  0.17768395  0.35934416\n",
      "   0.49346793  0.54850375 -0.29251978  0.29256061  0.4572626   0.09434774]\n",
      " [ 0.08550291  0.14277686  0.12397245  0.76731412  0.43322334  0.00758418\n",
      "   1.0042735  -0.82684437  0.01883764 -0.02605872 -0.12755971  0.13915179\n",
      "  -0.1379149  -0.0767831  -0.09903159  0.5304491   0.1176297  -0.17856603\n",
      "  -0.24301149 -0.21851623  0.54492523 -0.54489666 -0.06109548 -0.5633683 ]\n",
      " [-0.1085044  -0.26957793 -0.20170647 -0.75703354 -0.80171742 -0.29346046\n",
      "  -0.82684437  1.0042735  -0.08979783 -0.07603358 -0.0162131  -0.14489318\n",
      "   0.14450019 -0.00431219  0.01175038 -0.477367   -0.09000645  0.13601556\n",
      "   0.13715583  0.07189909 -0.51981194  0.51975746 -0.03467925  0.49553407]\n",
      " [-0.01876922 -0.08567472 -0.06793677  0.11093593  0.13862301 -0.08128475\n",
      "   0.01883764 -0.08979783  1.0042735   0.05549006  0.18828982  0.14476278\n",
      "  -0.14499599 -0.10802993 -0.11751975  0.03250558  0.02875049 -0.10544343\n",
      "  -0.14819972 -0.14186472  0.16713516 -0.16715101 -0.11860302 -0.05114994]\n",
      " [-0.03147197  0.11277795  0.00758512  0.05284328  0.18748063 -0.04116542\n",
      "  -0.02605872 -0.07603358  0.05549006  1.0042735  -0.03806215 -0.02026863\n",
      "   0.02072443 -0.03678674 -0.04701538 -0.04171097  0.00195     0.02104894\n",
      "  -0.04452315 -0.08202564 -0.01846504  0.01860114  0.01132038 -0.10918055]\n",
      " [ 0.12605382 -0.09188974  0.05966481  0.02110685  0.00621812  0.09304303\n",
      "  -0.12755971 -0.0162131   0.18828982 -0.03806215  1.0042735  -0.05759105\n",
      "   0.0561777   0.00828786  0.02024545 -0.1134036  -0.10163305 -0.04694549\n",
      "   0.04974137  0.13569734 -0.0854929   0.08546473 -0.03159912 -0.00207963]\n",
      " [ 0.01691428 -0.07513905  0.01271834  0.25740342  0.10855271  0.01882528\n",
      "   0.13915179 -0.14489318  0.14476278 -0.02026863 -0.05759105  1.0042735\n",
      "  -1.00414128 -0.14532353 -0.14827304  0.18531427 -0.04226056 -0.20224153\n",
      "  -0.20630451 -0.14307277  0.31958983 -0.31957624 -0.07272326 -0.22970634]\n",
      " [-0.0169456   0.07591226 -0.01215049 -0.25705873 -0.10873539 -0.01941608\n",
      "  -0.1379149   0.14450019 -0.14499599  0.02072443  0.0561777  -1.00414128\n",
      "   1.0042735   0.14724046  0.15015862 -0.18417214  0.04406744  0.20419042\n",
      "   0.20779673  0.1441713  -0.32019627  0.32018288  0.07360994  0.22895416]\n",
      " [ 0.5705639   0.35120514  0.69345225 -0.30099204 -0.14877356  0.47854724\n",
      "  -0.0767831  -0.00431219 -0.10802993 -0.03678674  0.00828786 -0.14532353\n",
      "   0.14724046  1.0042735   0.98874918  0.30717392  0.68714977  0.91742453\n",
      "   0.908269    0.78151267 -0.40707019  0.40703498  0.82334627  0.22449889]\n",
      " [ 0.52175488  0.33127508  0.64743082 -0.32855403 -0.16447419  0.49714615\n",
      "  -0.09903159  0.01175038 -0.11751975 -0.04701538  0.02024545 -0.14827304\n",
      "   0.15015862  0.98874918  1.0042735   0.26595866  0.6461906   0.91922131\n",
      "   0.94546597  0.82610348 -0.43700626  0.43697297  0.79523293  0.23849041]\n",
      " [ 0.26138487  0.17394923  0.34286997  0.51214807  0.28633513  0.05064754\n",
      "   0.5304491  -0.477367    0.03250558 -0.04171097 -0.1134036   0.18531427\n",
      "  -0.18417214  0.30717392  0.26595866  1.0042735   0.6693372   0.21787848\n",
      "  -0.03799108 -0.14793881  0.52090289 -0.52094986  0.19776264 -0.37647398]\n",
      " [ 0.41245998  0.2809675   0.5470184   0.05136723 -0.04415414  0.17768395\n",
      "   0.1176297  -0.09000645  0.02875049  0.00195    -0.10163305 -0.04226056\n",
      "   0.04406744  0.68714977  0.6461906   0.6693372   1.0042735   0.7269797\n",
      "   0.39325861  0.14225819  0.06379985 -0.06385839  0.50538043 -0.02416253]\n",
      " [ 0.44397123  0.32823893  0.5811726  -0.37688823 -0.23120102  0.35934416\n",
      "  -0.17856603  0.13601556 -0.10544343  0.02104894 -0.04694549 -0.20224153\n",
      "   0.20419042  0.91742453  0.91922131  0.21787848  0.7269797   1.0042735\n",
      "   0.86164903  0.60343468 -0.45538175  0.45534689  0.7162792   0.28039607]\n",
      " [ 0.44736422  0.27946998  0.54463235 -0.48844664 -0.23866582  0.49346793\n",
      "  -0.24301149  0.13715583 -0.14819972 -0.04452315  0.04974137 -0.20630451\n",
      "   0.20779673  0.908269    0.94546597 -0.03799108  0.39325861  0.86164903\n",
      "   1.0042735   0.90605025 -0.61511148  0.61509594  0.7510224   0.35252535]\n",
      " [ 0.39979782  0.21583611  0.46140633 -0.44601245 -0.18124641  0.54850375\n",
      "  -0.21851623  0.07189909 -0.14186472 -0.08202564  0.13569734 -0.14307277\n",
      "   0.1441713   0.78151267  0.82610348 -0.14793881  0.14225819  0.60343468\n",
      "   0.90605025  1.0042735  -0.58186545  0.58186095  0.6678973   0.31698201]\n",
      " [-0.23537817 -0.00401487 -0.205695    0.78219775  0.51877542 -0.29251978\n",
      "   0.54492523 -0.51981194  0.16713516 -0.01846504 -0.0854929   0.31958983\n",
      "  -0.32019627 -0.40707019 -0.43700626  0.52090289  0.06379985 -0.45538175\n",
      "  -0.61511148 -0.58186545  1.0042735  -1.00427339 -0.44321853 -0.54142312]\n",
      " [ 0.2353724   0.0040185   0.20568681 -0.78215454 -0.51872348  0.29256061\n",
      "  -0.54489666  0.51975746 -0.16715101  0.01860114  0.08546473 -0.31957624\n",
      "   0.32018288  0.40703498  0.43697297 -0.52094986 -0.06385839  0.45534689\n",
      "   0.61509594  0.58186095 -1.00427339  1.0042735   0.44320835  0.54134591]\n",
      " [ 0.787575    0.30060436  0.88368042 -0.27550825 -0.09345098  0.4572626\n",
      "  -0.06109548 -0.03467925 -0.11860302  0.01132038 -0.03159912 -0.07272326\n",
      "   0.07360994  0.82334627  0.79523293  0.19776264  0.50538043  0.7162792\n",
      "   0.7510224   0.6678973  -0.44321853  0.44320835  1.0042735   0.25255338]\n",
      " [ 0.07857813 -0.04716214  0.05229213 -0.70760193 -0.34269024  0.09434774\n",
      "  -0.5633683   0.49553407 -0.05114994 -0.10918055 -0.00207963 -0.22970634\n",
      "   0.22895416  0.22449889  0.23849041 -0.37647398 -0.02416253  0.28039607\n",
      "   0.35252535  0.31698201 -0.54142312  0.54134591  0.25255338  1.0042735 ]]\n",
      "Correlation matrix:\n",
      "                                      Total # of Classes  Average Class Size  \\\n",
      "Total # of Classes                             1.000000            0.093976   \n",
      "Average Class Size                             0.093976            1.000000   \n",
      "Number of Students                             0.865843            0.362948   \n",
      "% Economically Disadvantaged                  -0.042508            0.026703   \n",
      "% African American                            -0.116699            0.256795   \n",
      "% Asian                                        0.255901            0.197132   \n",
      "% Hispanic                                     0.088218            0.164422   \n",
      "% White                                       -0.062244           -0.277799   \n",
      "% Native American                             -0.029861           -0.089243   \n",
      "% Native Hawaiian, Pacific Islander           -0.029700            0.075245   \n",
      "% Multi-Race, Non-Hispanic                     0.110927           -0.105423   \n",
      "% Males                                        0.019060           -0.091183   \n",
      "% Females                                     -0.019167            0.091663   \n",
      "AP_Test Takers                                 0.548574            0.322202   \n",
      "AP_Tests Taken                                 0.505636            0.302003   \n",
      "AP_Score=1                                     0.223215            0.209483   \n",
      "AP_Score=2                                     0.387684            0.282267   \n",
      "AP_Score=3                                     0.430898            0.294148   \n",
      "AP_Score=4                                     0.435186            0.234021   \n",
      "AP_Score=5                                     0.390049            0.169644   \n",
      "% AP_Score 1-2                                -0.208410            0.019132   \n",
      "% AP_Score 3-5                                 0.208404           -0.019131   \n",
      "SAT_Tests Taken                                0.769892            0.274575   \n",
      "Average SAT_Reading                            0.081319           -0.077005   \n",
      "Average SAT_Writing                            0.072970           -0.041042   \n",
      "Average SAT_Math                               0.102950            0.012209   \n",
      "% Graduated                                    0.089557           -0.089417   \n",
      "Total SAT Score                                0.093075           -0.033415   \n",
      "\n",
      "                                     Number of Students  \\\n",
      "Total # of Classes                             0.865843   \n",
      "Average Class Size                             0.362948   \n",
      "Number of Students                             1.000000   \n",
      "% Economically Disadvantaged                  -0.011731   \n",
      "% African American                             0.001998   \n",
      "% Asian                                        0.328711   \n",
      "% Hispanic                                     0.135556   \n",
      "% White                                       -0.167784   \n",
      "% Native American                             -0.067626   \n",
      "% Native Hawaiian, Pacific Islander            0.014651   \n",
      "% Multi-Race, Non-Hispanic                     0.047970   \n",
      "% Males                                        0.014863   \n",
      "% Females                                     -0.014547   \n",
      "AP_Test Takers                                 0.685719   \n",
      "AP_Tests Taken                                 0.641285   \n",
      "AP_Score=1                                     0.348615   \n",
      "AP_Score=2                                     0.542404   \n",
      "AP_Score=3                                     0.571998   \n",
      "AP_Score=4                                     0.525746   \n",
      "AP_Score=5                                     0.443977   \n",
      "% AP_Score 1-2                                -0.178272   \n",
      "% AP_Score 3-5                                 0.178263   \n",
      "SAT_Tests Taken                                0.870182   \n",
      "Average SAT_Reading                            0.051006   \n",
      "Average SAT_Writing                            0.056695   \n",
      "Average SAT_Math                               0.097503   \n",
      "% Graduated                                    0.026919   \n",
      "Total SAT Score                                0.074807   \n",
      "\n",
      "                                     % Economically Disadvantaged  \\\n",
      "Total # of Classes                                      -0.042508   \n",
      "Average Class Size                                       0.026703   \n",
      "Number of Students                                      -0.011731   \n",
      "% Economically Disadvantaged                             1.000000   \n",
      "% African American                                       0.606336   \n",
      "% Asian                                                 -0.076063   \n",
      "% Hispanic                                               0.777950   \n",
      "% White                                                 -0.781340   \n",
      "% Native American                                        0.104038   \n",
      "% Native Hawaiian, Pacific Islander                      0.013898   \n",
      "% Multi-Race, Non-Hispanic                               0.032017   \n",
      "% Males                                                  0.229125   \n",
      "% Females                                               -0.228647   \n",
      "AP_Test Takers                                          -0.294970   \n",
      "AP_Tests Taken                                          -0.319812   \n",
      "AP_Score=1                                               0.513598   \n",
      "AP_Score=2                                               0.066399   \n",
      "AP_Score=3                                              -0.387695   \n",
      "AP_Score=4                                              -0.497785   \n",
      "AP_Score=5                                              -0.448524   \n",
      "% AP_Score 1-2                                           0.797439   \n",
      "% AP_Score 3-5                                          -0.797407   \n",
      "SAT_Tests Taken                                         -0.282501   \n",
      "Average SAT_Reading                                     -0.849752   \n",
      "Average SAT_Writing                                     -0.846910   \n",
      "Average SAT_Math                                        -0.821979   \n",
      "% Graduated                                             -0.710954   \n",
      "Total SAT Score                                         -0.845991   \n",
      "\n",
      "                                     % African American   % Asian  % Hispanic  \\\n",
      "Total # of Classes                            -0.116699  0.255901    0.088218   \n",
      "Average Class Size                             0.256795  0.197132    0.164422   \n",
      "Number of Students                             0.001998  0.328711    0.135556   \n",
      "% Economically Disadvantaged                   0.606336 -0.076063    0.777950   \n",
      "% African American                             1.000000  0.048136    0.418603   \n",
      "% Asian                                        0.048136  1.000000    0.004480   \n",
      "% Hispanic                                     0.418603  0.004480    1.000000   \n",
      "% White                                       -0.795919 -0.281074   -0.829902   \n",
      "% Native American                              0.117276 -0.072857    0.014607   \n",
      "% Native Hawaiian, Pacific Islander            0.133468 -0.036963   -0.048465   \n",
      "% Multi-Race, Non-Hispanic                     0.010925  0.117285   -0.119797   \n",
      "% Males                                        0.061221  0.001219    0.105181   \n",
      "% Females                                     -0.061107 -0.001617   -0.104086   \n",
      "AP_Test Takers                                -0.156048  0.461978   -0.090592   \n",
      "AP_Tests Taken                                -0.171340  0.479800   -0.111905   \n",
      "AP_Score=1                                     0.268520  0.048348    0.527254   \n",
      "AP_Score=2                                    -0.046245  0.168481    0.117125   \n",
      "AP_Score=3                                    -0.246188  0.338243   -0.213433   \n",
      "AP_Score=4                                    -0.248248  0.477367   -0.269299   \n",
      "AP_Score=5                                    -0.187189  0.537614   -0.237123   \n",
      "% AP_Score 1-2                                 0.526173 -0.272535    0.587969   \n",
      "% AP_Score 3-5                                -0.526134  0.272567   -0.587953   \n",
      "SAT_Tests Taken                               -0.121510  0.418202   -0.078280   \n",
      "Average SAT_Reading                           -0.619491  0.232054   -0.697209   \n",
      "Average SAT_Writing                           -0.564598  0.273202   -0.670728   \n",
      "Average SAT_Math                              -0.526964  0.365235   -0.640124   \n",
      "% Graduated                                   -0.392351  0.103385   -0.573360   \n",
      "Total SAT Score                               -0.580692  0.301248   -0.677014   \n",
      "\n",
      "                                      % White  % Native American  \\\n",
      "Total # of Classes                  -0.062244          -0.029861   \n",
      "Average Class Size                  -0.277799          -0.089243   \n",
      "Number of Students                  -0.167784          -0.067626   \n",
      "% Economically Disadvantaged        -0.781340           0.104038   \n",
      "% African American                  -0.795919           0.117276   \n",
      "% Asian                             -0.281074          -0.072857   \n",
      "% Hispanic                          -0.829902           0.014607   \n",
      "% White                              1.000000          -0.077864   \n",
      "% Native American                   -0.077864           1.000000   \n",
      "% Native Hawaiian, Pacific Islander -0.036592           0.075385   \n",
      "% Multi-Race, Non-Hispanic          -0.019699           0.197526   \n",
      "% Males                             -0.099075           0.175002   \n",
      "% Females                            0.098521          -0.175087   \n",
      "AP_Test Takers                       0.023214          -0.102926   \n",
      "AP_Tests Taken                       0.039371          -0.113639   \n",
      "AP_Score=1                          -0.473836           0.022348   \n",
      "AP_Score=2                          -0.086404           0.024051   \n",
      "AP_Score=3                           0.179485          -0.096241   \n",
      "AP_Score=4                           0.176574          -0.145534   \n",
      "AP_Score=5                           0.105516          -0.137248   \n",
      "% AP_Score 1-2                      -0.568637           0.155693   \n",
      "% AP_Score 3-5                       0.568599          -0.155705   \n",
      "SAT_Tests Taken                      0.011416          -0.128645   \n",
      "Average SAT_Reading                  0.687902          -0.123173   \n",
      "Average SAT_Writing                  0.635320          -0.142826   \n",
      "Average SAT_Math                     0.574640          -0.134149   \n",
      "% Graduated                          0.533434          -0.056509   \n",
      "Total SAT Score                      0.639572          -0.130111   \n",
      "\n",
      "                                     % Native Hawaiian, Pacific Islander  ...  \\\n",
      "Total # of Classes                                             -0.029700  ...   \n",
      "Average Class Size                                              0.075245  ...   \n",
      "Number of Students                                              0.014651  ...   \n",
      "% Economically Disadvantaged                                    0.013898  ...   \n",
      "% African American                                              0.133468  ...   \n",
      "% Asian                                                        -0.036963  ...   \n",
      "% Hispanic                                                     -0.048465  ...   \n",
      "% White                                                        -0.036592  ...   \n",
      "% Native American                                               0.075385  ...   \n",
      "% Native Hawaiian, Pacific Islander                             1.000000  ...   \n",
      "% Multi-Race, Non-Hispanic                                     -0.006490  ...   \n",
      "% Males                                                        -0.004908  ...   \n",
      "% Females                                                       0.005303  ...   \n",
      "AP_Test Takers                                                 -0.013831  ...   \n",
      "AP_Tests Taken                                                 -0.022912  ...   \n",
      "AP_Score=1                                                     -0.022736  ...   \n",
      "AP_Score=2                                                      0.031465  ...   \n",
      "AP_Score=3                                                      0.047556  ...   \n",
      "AP_Score=4                                                     -0.030317  ...   \n",
      "AP_Score=5                                                     -0.070841  ...   \n",
      "% AP_Score 1-2                                                 -0.037097  ...   \n",
      "% AP_Score 3-5                                                  0.037197  ...   \n",
      "SAT_Tests Taken                                                 0.012457  ...   \n",
      "Average SAT_Reading                                            -0.066571  ...   \n",
      "Average SAT_Writing                                            -0.052255  ...   \n",
      "Average SAT_Math                                               -0.045303  ...   \n",
      "% Graduated                                                    -0.084892  ...   \n",
      "Total SAT Score                                                -0.056752  ...   \n",
      "\n",
      "                                     AP_Score=4  AP_Score=5  % AP_Score 1-2  \\\n",
      "Total # of Classes                     0.435186    0.390049       -0.208410   \n",
      "Average Class Size                     0.234021    0.169644        0.019132   \n",
      "Number of Students                     0.525746    0.443977       -0.178272   \n",
      "% Economically Disadvantaged          -0.497785   -0.448524        0.797439   \n",
      "% African American                    -0.248248   -0.187189        0.526173   \n",
      "% Asian                                0.477367    0.537614       -0.272535   \n",
      "% Hispanic                            -0.269299   -0.237123        0.587969   \n",
      "% White                                0.176574    0.105516       -0.568637   \n",
      "% Native American                     -0.145534   -0.137248        0.155693   \n",
      "% Native Hawaiian, Pacific Islander   -0.030317   -0.070841       -0.037097   \n",
      "% Multi-Race, Non-Hispanic             0.055511    0.136986       -0.065116   \n",
      "% Males                               -0.190323   -0.131868        0.264655   \n",
      "% Females                              0.191406    0.132659       -0.265031   \n",
      "AP_Test Takers                         0.885835    0.765008       -0.397656   \n",
      "AP_Tests Taken                         0.926439    0.810684       -0.429693   \n",
      "AP_Score=1                            -0.061798   -0.156816        0.521392   \n",
      "AP_Score=2                             0.360149    0.129168        0.067327   \n",
      "AP_Score=3                             0.844737    0.596064       -0.469342   \n",
      "AP_Score=4                             1.000000    0.904390       -0.625346   \n",
      "AP_Score=5                             0.904390    1.000000       -0.582101   \n",
      "% AP_Score 1-2                        -0.625346   -0.582101        1.000000   \n",
      "% AP_Score 3-5                         0.625332    0.582096       -1.000000   \n",
      "SAT_Tests Taken                        0.742245    0.655295       -0.424805   \n",
      "Average SAT_Reading                    0.564924    0.548670       -0.821691   \n",
      "Average SAT_Writing                    0.608591    0.589886       -0.838646   \n",
      "Average SAT_Math                       0.637120    0.623274       -0.834716   \n",
      "% Graduated                            0.352035    0.315470       -0.544835   \n",
      "Total SAT Score                        0.607649    0.592403       -0.837949   \n",
      "\n",
      "                                     % AP_Score 3-5  SAT_Tests Taken  \\\n",
      "Total # of Classes                         0.208404         0.769892   \n",
      "Average Class Size                        -0.019131         0.274575   \n",
      "Number of Students                         0.178263         0.870182   \n",
      "% Economically Disadvantaged              -0.797407        -0.282501   \n",
      "% African American                        -0.526134        -0.121510   \n",
      "% Asian                                    0.272567         0.418202   \n",
      "% Hispanic                                -0.587953        -0.078280   \n",
      "% White                                    0.568599         0.011416   \n",
      "% Native American                         -0.155705        -0.128645   \n",
      "% Native Hawaiian, Pacific Islander        0.037197         0.012457   \n",
      "% Multi-Race, Non-Hispanic                 0.065095        -0.023939   \n",
      "% Males                                   -0.264643        -0.085538   \n",
      "% Females                                  0.265020         0.086104   \n",
      "AP_Test Takers                             0.397626         0.811783   \n",
      "AP_Tests Taken                             0.429664         0.785091   \n",
      "AP_Score=1                                -0.521428         0.189579   \n",
      "AP_Score=2                                -0.067373         0.485705   \n",
      "AP_Score=3                                 0.469314         0.709191   \n",
      "AP_Score=4                                 0.625332         0.742245   \n",
      "AP_Score=5                                 0.582096         0.655295   \n",
      "% AP_Score 1-2                            -1.000000        -0.424805   \n",
      "% AP_Score 3-5                             1.000000         0.424795   \n",
      "SAT_Tests Taken                            0.424795         1.000000   \n",
      "Average SAT_Reading                        0.821632         0.259945   \n",
      "Average SAT_Writing                        0.838593         0.294119   \n",
      "Average SAT_Math                           0.834666         0.338837   \n",
      "% Graduated                                0.544774         0.248634   \n",
      "Total SAT Score                            0.837893         0.302388   \n",
      "\n",
      "                                     Average SAT_Reading  Average SAT_Writing  \\\n",
      "Total # of Classes                              0.081319             0.072970   \n",
      "Average Class Size                             -0.077005            -0.041042   \n",
      "Number of Students                              0.051006             0.056695   \n",
      "% Economically Disadvantaged                   -0.849752            -0.846910   \n",
      "% African American                             -0.619491            -0.564598   \n",
      "% Asian                                         0.232054             0.273202   \n",
      "% Hispanic                                     -0.697209            -0.670728   \n",
      "% White                                         0.687902             0.635320   \n",
      "% Native American                              -0.123173            -0.142826   \n",
      "% Native Hawaiian, Pacific Islander            -0.066571            -0.052255   \n",
      "% Multi-Race, Non-Hispanic                      0.188473             0.145028   \n",
      "% Males                                        -0.278720            -0.321834   \n",
      "% Females                                       0.278539             0.322034   \n",
      "AP_Test Takers                                  0.372892             0.412781   \n",
      "AP_Tests Taken                                  0.412797             0.454351   \n",
      "AP_Score=1                                     -0.447938            -0.439597   \n",
      "AP_Score=2                                      0.000195             0.011275   \n",
      "AP_Score=3                                      0.425484             0.459678   \n",
      "AP_Score=4                                      0.564924             0.608591   \n",
      "AP_Score=5                                      0.548670             0.589886   \n",
      "% AP_Score 1-2                                 -0.821691            -0.838646   \n",
      "% AP_Score 3-5                                  0.821632             0.838593   \n",
      "SAT_Tests Taken                                 0.259945             0.294119   \n",
      "Average SAT_Reading                             1.000000             0.983022   \n",
      "Average SAT_Writing                             0.983022             1.000000   \n",
      "Average SAT_Math                                0.953312             0.965766   \n",
      "% Graduated                                     0.593831             0.592946   \n",
      "Total SAT Score                                 0.988588             0.986090   \n",
      "\n",
      "                                     Average SAT_Math  % Graduated  \\\n",
      "Total # of Classes                           0.102950     0.089557   \n",
      "Average Class Size                           0.012209    -0.089417   \n",
      "Number of Students                           0.097503     0.026919   \n",
      "% Economically Disadvantaged                -0.821979    -0.710954   \n",
      "% African American                          -0.526964    -0.392351   \n",
      "% Asian                                      0.365235     0.103385   \n",
      "% Hispanic                                  -0.640124    -0.573360   \n",
      "% White                                      0.574640     0.533434   \n",
      "% Native American                           -0.134149    -0.056509   \n",
      "% Native Hawaiian, Pacific Islander         -0.045303    -0.084892   \n",
      "% Multi-Race, Non-Hispanic                   0.129718     0.016398   \n",
      "% Males                                     -0.251189    -0.238567   \n",
      "% Females                                    0.251559     0.237761   \n",
      "AP_Test Takers                               0.454821     0.205162   \n",
      "AP_Tests Taken                               0.493460     0.219575   \n",
      "AP_Score=1                                  -0.409600    -0.394163   \n",
      "AP_Score=2                                   0.042756    -0.047978   \n",
      "AP_Score=3                                   0.484260     0.273406   \n",
      "AP_Score=4                                   0.637120     0.352035   \n",
      "AP_Score=5                                   0.623274     0.315470   \n",
      "% AP_Score 1-2                              -0.834716    -0.544835   \n",
      "% AP_Score 3-5                               0.834666     0.544774   \n",
      "SAT_Tests Taken                              0.338837     0.248634   \n",
      "Average SAT_Reading                          0.953312     0.593831   \n",
      "Average SAT_Writing                          0.965766     0.592946   \n",
      "Average SAT_Math                             1.000000     0.583619   \n",
      "% Graduated                                  0.583619     1.000000   \n",
      "Total SAT Score                              0.987926     0.595790   \n",
      "\n",
      "                                     Total SAT Score  \n",
      "Total # of Classes                          0.093075  \n",
      "Average Class Size                         -0.033415  \n",
      "Number of Students                          0.074807  \n",
      "% Economically Disadvantaged               -0.845991  \n",
      "% African American                         -0.580692  \n",
      "% Asian                                     0.301248  \n",
      "% Hispanic                                 -0.677014  \n",
      "% White                                     0.639572  \n",
      "% Native American                          -0.130111  \n",
      "% Native Hawaiian, Pacific Islander        -0.056752  \n",
      "% Multi-Race, Non-Hispanic                  0.161402  \n",
      "% Males                                    -0.268296  \n",
      "% Females                                   0.268389  \n",
      "AP_Test Takers                              0.418191  \n",
      "AP_Tests Taken                              0.457939  \n",
      "AP_Score=1                                 -0.434134  \n",
      "AP_Score=2                                  0.021429  \n",
      "AP_Score=3                                  0.459858  \n",
      "AP_Score=4                                  0.607649  \n",
      "AP_Score=5                                  0.592403  \n",
      "% AP_Score 1-2                             -0.837949  \n",
      "% AP_Score 3-5                              0.837893  \n",
      "SAT_Tests Taken                             0.302388  \n",
      "Average SAT_Reading                         0.988588  \n",
      "Average SAT_Writing                         0.986090  \n",
      "Average SAT_Math                            0.987926  \n",
      "% Graduated                                 0.595790  \n",
      "Total SAT Score                             1.000000  \n",
      "\n",
      "[28 rows x 28 columns]\n",
      "Pearson correlation between Total # of Classes and Total SAT Score: 0.09983252697301977\n",
      "Pearson correlation between Average Class Size and Total SAT Score: -0.009977010865528586\n",
      "Pearson correlation between Number of Students and Total SAT Score: 0.08876854049795536\n",
      "Pearson correlation between % Economically Disadvantaged and Total SAT Score: -0.8426230093279172\n",
      "Pearson correlation between % African American and Total SAT Score: -0.577607908687731\n",
      "Pearson correlation between % Asian and Total SAT Score: 0.3088690573664747\n",
      "Pearson correlation between % Hispanic and Total SAT Score: -0.6726289445945854\n",
      "Pearson correlation between % White and Total SAT Score: 0.617257803181494\n",
      "Pearson correlation between % Native American and Total SAT Score: -0.14507300238618637\n",
      "Pearson correlation between % Native Hawaiian, Pacific Islander and Total SAT Score: -0.10734109495317963\n",
      "Pearson correlation between % Multi-Race, Non-Hispanic and Total SAT Score: 0.18546538081380048\n",
      "Pearson correlation between % Males and Total SAT Score: -0.30423633073397477\n",
      "Pearson correlation between % Females and Total SAT Score: 0.3046052155464668\n",
      "Pearson correlation between AP_Test Takers and Total SAT Score: 0.4180028800267567\n",
      "Pearson correlation between AP_Tests Taken and Total SAT Score: 0.4593373386838351\n",
      "Pearson correlation between AP_Score=1 and Total SAT Score: -0.4305814642044446\n",
      "Pearson correlation between AP_Score=2 and Total SAT Score: 0.019774184642056613\n",
      "Pearson correlation between AP_Score=3 and Total SAT Score: 0.44304823198816556\n",
      "Pearson correlation between AP_Score=4 and Total SAT Score: 0.5958329153108911\n",
      "Pearson correlation between AP_Score=5 and Total SAT Score: 0.5870786455729136\n",
      "Pearson correlation between % AP_Score 1-2 and Total SAT Score: -0.8223695718273399\n",
      "Pearson correlation between % AP_Score 3-5 and Total SAT Score: 0.8222978656628522\n",
      "Pearson correlation between SAT_Tests Taken and Total SAT Score: 0.309634893667529\n",
      "Pearson correlation between % Graduated and Total SAT Score: 0.5914098672754187\n",
      "Feature \"School Type\" not found in dataset\n",
      "Feature \"Accountability and Assistance Level\" not found in dataset\n"
     ]
    },
    {
     "data": {
